{
 "cells": [
  {
   "cell_type": "markdown",
   "id": "77bc0744",
   "metadata": {},
   "source": [
    "### Items based CF "
   ]
  },
  {
   "cell_type": "markdown",
   "id": "31935018",
   "metadata": {},
   "source": [
    "### Import libraries "
   ]
  },
  {
   "cell_type": "code",
   "execution_count": 101,
   "id": "3bc38535",
   "metadata": {},
   "outputs": [],
   "source": [
    "import pandas as pd\n",
    "from itertools import chain, combinations\n",
    "import numpy as np\n",
    "import matplotlib.pyplot as plt\n",
    "from surprise import Reader, Dataset, SVD, BaselineOnly, NMF, accuracy\n",
    "from surprise.model_selection import train_test_split\n",
    "from scipy.sparse import csr_matrix\n",
    "from sklearn.neighbors import NearestNeighbors\n",
    "from sklearn.model_selection import train_test_split\n",
    "from sklearn.metrics.pairwise import cosine_similarity\n",
    "from sklearn.metrics.pairwise import pairwise_distances\n",
    "from sklearn.metrics import mean_squared_error\n",
    "from math import sqrt\n",
    "pd.set_option(\"display.max_columns\", None)\n",
    "pd.set_option('display.max_rows', None)\n",
    "# pd.set_option('display.width', 1000)"
   ]
  },
  {
   "cell_type": "markdown",
   "id": "50396436",
   "metadata": {},
   "source": [
    "### Import the ratings data file "
   ]
  },
  {
   "cell_type": "code",
   "execution_count": 52,
   "id": "40e4ea2b",
   "metadata": {},
   "outputs": [
    {
     "data": {
      "text/plain": [
       "(100282, 14)"
      ]
     },
     "execution_count": 52,
     "metadata": {},
     "output_type": "execute_result"
    }
   ],
   "source": [
    "# read the ratings file \n",
    "# ratings = pd.read_csv('../data/ratings.csv', low_memory=False).set_index('CUSTOMER_ID')\n",
    "ratings = pd.read_csv('../data/ratings.csv', index_col=0)\n",
    "ratings.shape\n",
    "# ratings.head(n=3)"
   ]
  },
  {
   "cell_type": "code",
   "execution_count": 53,
   "id": "f143b3f4",
   "metadata": {},
   "outputs": [
    {
     "data": {
      "text/plain": [
       "(50141, 14)"
      ]
     },
     "execution_count": 53,
     "metadata": {},
     "output_type": "execute_result"
    }
   ],
   "source": [
    "# taking only a fraction of the data for computation resources\n",
    "# take almost all the data for item and very few rows for users\n",
    "ratings_sample = ratings.sample(frac=0.5)\n",
    "ratings_sample.shape"
   ]
  },
  {
   "cell_type": "code",
   "execution_count": null,
   "id": "6f178160",
   "metadata": {},
   "outputs": [],
   "source": [
    "### Splitting the data to test and train sets"
   ]
  },
  {
   "cell_type": "code",
   "execution_count": 54,
   "id": "d9253fc8",
   "metadata": {},
   "outputs": [
    {
     "data": {
      "text/plain": [
       "((75211, 14), (25071, 14))"
      ]
     },
     "execution_count": 54,
     "metadata": {},
     "output_type": "execute_result"
    }
   ],
   "source": [
    "# splitting the sample data set  for evaluation later\n",
    "# train_data, test_data = train_test_split(ratings_sample, test_size=0.25)\n",
    "# train_data.shape, test_data.shape\n",
    "# splitting the whole data set  for evaluation later\n",
    "train_data, test_data = train_test_split(ratings, test_size=0.25)\n",
    "train_data.shape, test_data.shape"
   ]
  },
  {
   "cell_type": "code",
   "execution_count": 55,
   "id": "6cd67f60",
   "metadata": {},
   "outputs": [
    {
     "data": {
      "text/plain": [
       "array([[1.        , 0.05237787, 0.04820894, 0.08641488, 0.05472308,\n",
       "        0.0530396 , 0.06202908, 0.06183807, 0.05294445, 0.0700065 ,\n",
       "        0.05343616, 0.0550799 , 0.14309924, 0.14203105],\n",
       "       [0.05237787, 1.        , 0.03343972, 0.04547429, 0.03550416,\n",
       "        0.03225516, 0.21390307, 0.17499101, 0.03884455, 0.12242787,\n",
       "        0.04048048, 0.04109852, 0.05953457, 0.05361255],\n",
       "       [0.04820894, 0.03343972, 1.        , 0.0412513 , 0.03700454,\n",
       "        0.03497993, 0.04155604, 0.03956295, 0.1260945 , 0.04144512,\n",
       "        0.031816  , 0.03165361, 0.05890403, 0.0397234 ],\n",
       "       [0.08641488, 0.04547429, 0.0412513 , 1.        , 0.15158669,\n",
       "        0.13424858, 0.05500565, 0.04841213, 0.04473979, 0.05689133,\n",
       "        0.14439348, 0.16214569, 0.18448123, 0.15892044],\n",
       "       [0.05472308, 0.03550416, 0.03700454, 0.15158669, 1.        ,\n",
       "        0.14197596, 0.04173009, 0.0369634 , 0.03692043, 0.04364928,\n",
       "        0.12554604, 0.18434204, 0.38980126, 0.13832433],\n",
       "       [0.0530396 , 0.03225516, 0.03497993, 0.13424858, 0.14197596,\n",
       "        1.        , 0.03490956, 0.04843711, 0.03580981, 0.04116681,\n",
       "        0.10653207, 0.1362702 , 0.11858326, 0.07289886],\n",
       "       [0.06202908, 0.21390307, 0.04155604, 0.05500565, 0.04173009,\n",
       "        0.03490956, 1.        , 0.18285187, 0.04148324, 0.18292112,\n",
       "        0.04724768, 0.05254456, 0.06808474, 0.06750653],\n",
       "       [0.06183807, 0.17499101, 0.03956295, 0.04841213, 0.0369634 ,\n",
       "        0.04843711, 0.18285187, 1.        , 0.04418676, 0.16434084,\n",
       "        0.0402779 , 0.03546959, 0.0659663 , 0.058417  ],\n",
       "       [0.05294445, 0.03884455, 0.1260945 , 0.04473979, 0.03692043,\n",
       "        0.03580981, 0.04148324, 0.04418676, 1.        , 0.0530989 ,\n",
       "        0.03526989, 0.03597463, 0.04679364, 0.03715864],\n",
       "       [0.0700065 , 0.12242787, 0.04144512, 0.05689133, 0.04364928,\n",
       "        0.04116681, 0.18292112, 0.16434084, 0.0530989 , 1.        ,\n",
       "        0.0451484 , 0.04607912, 0.06983238, 0.06320485],\n",
       "       [0.05343616, 0.04048048, 0.031816  , 0.14439348, 0.12554604,\n",
       "        0.10653207, 0.04724768, 0.0402779 , 0.03526989, 0.0451484 ,\n",
       "        1.        , 0.15363117, 0.09104122, 0.07745056],\n",
       "       [0.0550799 , 0.04109852, 0.03165361, 0.16214569, 0.18434204,\n",
       "        0.1362702 , 0.05254456, 0.03546959, 0.03597463, 0.04607912,\n",
       "        0.15363117, 1.        , 0.21016324, 0.10557962],\n",
       "       [0.14309924, 0.05953457, 0.05890403, 0.18448123, 0.38980126,\n",
       "        0.11858326, 0.06808474, 0.0659663 , 0.04679364, 0.06983238,\n",
       "        0.09104122, 0.21016324, 1.        , 0.37870728],\n",
       "       [0.14203105, 0.05361255, 0.0397234 , 0.15892044, 0.13832433,\n",
       "        0.07289886, 0.06750653, 0.058417  , 0.03715864, 0.06320485,\n",
       "        0.07745056, 0.10557962, 0.37870728, 1.        ]])"
      ]
     },
     "execution_count": 55,
     "metadata": {},
     "output_type": "execute_result"
    }
   ],
   "source": [
    "# computing the similarity matrix for items \n",
    "item_similarity_cos = cosine_similarity(ratings.T)\n",
    "item_similarity_cos"
   ]
  },
  {
   "cell_type": "code",
   "execution_count": 56,
   "id": "4f9d89ee",
   "metadata": {},
   "outputs": [
    {
     "data": {
      "text/html": [
       "<div>\n",
       "<style scoped>\n",
       "    .dataframe tbody tr th:only-of-type {\n",
       "        vertical-align: middle;\n",
       "    }\n",
       "\n",
       "    .dataframe tbody tr th {\n",
       "        vertical-align: top;\n",
       "    }\n",
       "\n",
       "    .dataframe thead th {\n",
       "        text-align: right;\n",
       "    }\n",
       "</style>\n",
       "<table border=\"1\" class=\"dataframe\">\n",
       "  <thead>\n",
       "    <tr style=\"text-align: right;\">\n",
       "      <th></th>\n",
       "      <th>YAKER_TREATS_ITEMS</th>\n",
       "      <th>SUPER_DUCK_TREATS_ITEMS</th>\n",
       "      <th>WHIMZEES_BONE_TREATS_ITEMS</th>\n",
       "      <th>CHICKEN_TREATS_ITEMS</th>\n",
       "      <th>DUCK_TREATS_ITEMS</th>\n",
       "      <th>SALMON_TREATS_ITEMS</th>\n",
       "      <th>SUPER_LAMB_TREATS_ITEMS</th>\n",
       "      <th>SUPER_SALMON_TREATS_ITEMS</th>\n",
       "      <th>WHIMZEES_TREATS_ITEMS</th>\n",
       "      <th>COLD_PRESSED_DUCK_TREATS_ITEMS</th>\n",
       "      <th>PORK_TREATS_ITEMS</th>\n",
       "      <th>LAMB_TREATS_ITEMS</th>\n",
       "      <th>DENTAL_DAILIES_ITEMS</th>\n",
       "      <th>GOOD_DOG_TREATS_ITEMS</th>\n",
       "    </tr>\n",
       "  </thead>\n",
       "  <tbody>\n",
       "    <tr>\n",
       "      <th>YAKER_TREATS_ITEMS</th>\n",
       "      <td>1.000000</td>\n",
       "      <td>0.052378</td>\n",
       "      <td>0.048209</td>\n",
       "      <td>0.086415</td>\n",
       "      <td>0.054723</td>\n",
       "      <td>0.053040</td>\n",
       "      <td>0.062029</td>\n",
       "      <td>0.061838</td>\n",
       "      <td>0.052944</td>\n",
       "      <td>0.070007</td>\n",
       "      <td>0.053436</td>\n",
       "      <td>0.055080</td>\n",
       "      <td>0.143099</td>\n",
       "      <td>0.142031</td>\n",
       "    </tr>\n",
       "    <tr>\n",
       "      <th>SUPER_DUCK_TREATS_ITEMS</th>\n",
       "      <td>0.052378</td>\n",
       "      <td>1.000000</td>\n",
       "      <td>0.033440</td>\n",
       "      <td>0.045474</td>\n",
       "      <td>0.035504</td>\n",
       "      <td>0.032255</td>\n",
       "      <td>0.213903</td>\n",
       "      <td>0.174991</td>\n",
       "      <td>0.038845</td>\n",
       "      <td>0.122428</td>\n",
       "      <td>0.040480</td>\n",
       "      <td>0.041099</td>\n",
       "      <td>0.059535</td>\n",
       "      <td>0.053613</td>\n",
       "    </tr>\n",
       "    <tr>\n",
       "      <th>WHIMZEES_BONE_TREATS_ITEMS</th>\n",
       "      <td>0.048209</td>\n",
       "      <td>0.033440</td>\n",
       "      <td>1.000000</td>\n",
       "      <td>0.041251</td>\n",
       "      <td>0.037005</td>\n",
       "      <td>0.034980</td>\n",
       "      <td>0.041556</td>\n",
       "      <td>0.039563</td>\n",
       "      <td>0.126095</td>\n",
       "      <td>0.041445</td>\n",
       "      <td>0.031816</td>\n",
       "      <td>0.031654</td>\n",
       "      <td>0.058904</td>\n",
       "      <td>0.039723</td>\n",
       "    </tr>\n",
       "    <tr>\n",
       "      <th>CHICKEN_TREATS_ITEMS</th>\n",
       "      <td>0.086415</td>\n",
       "      <td>0.045474</td>\n",
       "      <td>0.041251</td>\n",
       "      <td>1.000000</td>\n",
       "      <td>0.151587</td>\n",
       "      <td>0.134249</td>\n",
       "      <td>0.055006</td>\n",
       "      <td>0.048412</td>\n",
       "      <td>0.044740</td>\n",
       "      <td>0.056891</td>\n",
       "      <td>0.144393</td>\n",
       "      <td>0.162146</td>\n",
       "      <td>0.184481</td>\n",
       "      <td>0.158920</td>\n",
       "    </tr>\n",
       "    <tr>\n",
       "      <th>DUCK_TREATS_ITEMS</th>\n",
       "      <td>0.054723</td>\n",
       "      <td>0.035504</td>\n",
       "      <td>0.037005</td>\n",
       "      <td>0.151587</td>\n",
       "      <td>1.000000</td>\n",
       "      <td>0.141976</td>\n",
       "      <td>0.041730</td>\n",
       "      <td>0.036963</td>\n",
       "      <td>0.036920</td>\n",
       "      <td>0.043649</td>\n",
       "      <td>0.125546</td>\n",
       "      <td>0.184342</td>\n",
       "      <td>0.389801</td>\n",
       "      <td>0.138324</td>\n",
       "    </tr>\n",
       "    <tr>\n",
       "      <th>SALMON_TREATS_ITEMS</th>\n",
       "      <td>0.053040</td>\n",
       "      <td>0.032255</td>\n",
       "      <td>0.034980</td>\n",
       "      <td>0.134249</td>\n",
       "      <td>0.141976</td>\n",
       "      <td>1.000000</td>\n",
       "      <td>0.034910</td>\n",
       "      <td>0.048437</td>\n",
       "      <td>0.035810</td>\n",
       "      <td>0.041167</td>\n",
       "      <td>0.106532</td>\n",
       "      <td>0.136270</td>\n",
       "      <td>0.118583</td>\n",
       "      <td>0.072899</td>\n",
       "    </tr>\n",
       "    <tr>\n",
       "      <th>SUPER_LAMB_TREATS_ITEMS</th>\n",
       "      <td>0.062029</td>\n",
       "      <td>0.213903</td>\n",
       "      <td>0.041556</td>\n",
       "      <td>0.055006</td>\n",
       "      <td>0.041730</td>\n",
       "      <td>0.034910</td>\n",
       "      <td>1.000000</td>\n",
       "      <td>0.182852</td>\n",
       "      <td>0.041483</td>\n",
       "      <td>0.182921</td>\n",
       "      <td>0.047248</td>\n",
       "      <td>0.052545</td>\n",
       "      <td>0.068085</td>\n",
       "      <td>0.067507</td>\n",
       "    </tr>\n",
       "    <tr>\n",
       "      <th>SUPER_SALMON_TREATS_ITEMS</th>\n",
       "      <td>0.061838</td>\n",
       "      <td>0.174991</td>\n",
       "      <td>0.039563</td>\n",
       "      <td>0.048412</td>\n",
       "      <td>0.036963</td>\n",
       "      <td>0.048437</td>\n",
       "      <td>0.182852</td>\n",
       "      <td>1.000000</td>\n",
       "      <td>0.044187</td>\n",
       "      <td>0.164341</td>\n",
       "      <td>0.040278</td>\n",
       "      <td>0.035470</td>\n",
       "      <td>0.065966</td>\n",
       "      <td>0.058417</td>\n",
       "    </tr>\n",
       "    <tr>\n",
       "      <th>WHIMZEES_TREATS_ITEMS</th>\n",
       "      <td>0.052944</td>\n",
       "      <td>0.038845</td>\n",
       "      <td>0.126095</td>\n",
       "      <td>0.044740</td>\n",
       "      <td>0.036920</td>\n",
       "      <td>0.035810</td>\n",
       "      <td>0.041483</td>\n",
       "      <td>0.044187</td>\n",
       "      <td>1.000000</td>\n",
       "      <td>0.053099</td>\n",
       "      <td>0.035270</td>\n",
       "      <td>0.035975</td>\n",
       "      <td>0.046794</td>\n",
       "      <td>0.037159</td>\n",
       "    </tr>\n",
       "    <tr>\n",
       "      <th>COLD_PRESSED_DUCK_TREATS_ITEMS</th>\n",
       "      <td>0.070007</td>\n",
       "      <td>0.122428</td>\n",
       "      <td>0.041445</td>\n",
       "      <td>0.056891</td>\n",
       "      <td>0.043649</td>\n",
       "      <td>0.041167</td>\n",
       "      <td>0.182921</td>\n",
       "      <td>0.164341</td>\n",
       "      <td>0.053099</td>\n",
       "      <td>1.000000</td>\n",
       "      <td>0.045148</td>\n",
       "      <td>0.046079</td>\n",
       "      <td>0.069832</td>\n",
       "      <td>0.063205</td>\n",
       "    </tr>\n",
       "    <tr>\n",
       "      <th>PORK_TREATS_ITEMS</th>\n",
       "      <td>0.053436</td>\n",
       "      <td>0.040480</td>\n",
       "      <td>0.031816</td>\n",
       "      <td>0.144393</td>\n",
       "      <td>0.125546</td>\n",
       "      <td>0.106532</td>\n",
       "      <td>0.047248</td>\n",
       "      <td>0.040278</td>\n",
       "      <td>0.035270</td>\n",
       "      <td>0.045148</td>\n",
       "      <td>1.000000</td>\n",
       "      <td>0.153631</td>\n",
       "      <td>0.091041</td>\n",
       "      <td>0.077451</td>\n",
       "    </tr>\n",
       "    <tr>\n",
       "      <th>LAMB_TREATS_ITEMS</th>\n",
       "      <td>0.055080</td>\n",
       "      <td>0.041099</td>\n",
       "      <td>0.031654</td>\n",
       "      <td>0.162146</td>\n",
       "      <td>0.184342</td>\n",
       "      <td>0.136270</td>\n",
       "      <td>0.052545</td>\n",
       "      <td>0.035470</td>\n",
       "      <td>0.035975</td>\n",
       "      <td>0.046079</td>\n",
       "      <td>0.153631</td>\n",
       "      <td>1.000000</td>\n",
       "      <td>0.210163</td>\n",
       "      <td>0.105580</td>\n",
       "    </tr>\n",
       "    <tr>\n",
       "      <th>DENTAL_DAILIES_ITEMS</th>\n",
       "      <td>0.143099</td>\n",
       "      <td>0.059535</td>\n",
       "      <td>0.058904</td>\n",
       "      <td>0.184481</td>\n",
       "      <td>0.389801</td>\n",
       "      <td>0.118583</td>\n",
       "      <td>0.068085</td>\n",
       "      <td>0.065966</td>\n",
       "      <td>0.046794</td>\n",
       "      <td>0.069832</td>\n",
       "      <td>0.091041</td>\n",
       "      <td>0.210163</td>\n",
       "      <td>1.000000</td>\n",
       "      <td>0.378707</td>\n",
       "    </tr>\n",
       "    <tr>\n",
       "      <th>GOOD_DOG_TREATS_ITEMS</th>\n",
       "      <td>0.142031</td>\n",
       "      <td>0.053613</td>\n",
       "      <td>0.039723</td>\n",
       "      <td>0.158920</td>\n",
       "      <td>0.138324</td>\n",
       "      <td>0.072899</td>\n",
       "      <td>0.067507</td>\n",
       "      <td>0.058417</td>\n",
       "      <td>0.037159</td>\n",
       "      <td>0.063205</td>\n",
       "      <td>0.077451</td>\n",
       "      <td>0.105580</td>\n",
       "      <td>0.378707</td>\n",
       "      <td>1.000000</td>\n",
       "    </tr>\n",
       "  </tbody>\n",
       "</table>\n",
       "</div>"
      ],
      "text/plain": [
       "                                YAKER_TREATS_ITEMS  SUPER_DUCK_TREATS_ITEMS  \\\n",
       "YAKER_TREATS_ITEMS                        1.000000                 0.052378   \n",
       "SUPER_DUCK_TREATS_ITEMS                   0.052378                 1.000000   \n",
       "WHIMZEES_BONE_TREATS_ITEMS                0.048209                 0.033440   \n",
       "CHICKEN_TREATS_ITEMS                      0.086415                 0.045474   \n",
       "DUCK_TREATS_ITEMS                         0.054723                 0.035504   \n",
       "SALMON_TREATS_ITEMS                       0.053040                 0.032255   \n",
       "SUPER_LAMB_TREATS_ITEMS                   0.062029                 0.213903   \n",
       "SUPER_SALMON_TREATS_ITEMS                 0.061838                 0.174991   \n",
       "WHIMZEES_TREATS_ITEMS                     0.052944                 0.038845   \n",
       "COLD_PRESSED_DUCK_TREATS_ITEMS            0.070007                 0.122428   \n",
       "PORK_TREATS_ITEMS                         0.053436                 0.040480   \n",
       "LAMB_TREATS_ITEMS                         0.055080                 0.041099   \n",
       "DENTAL_DAILIES_ITEMS                      0.143099                 0.059535   \n",
       "GOOD_DOG_TREATS_ITEMS                     0.142031                 0.053613   \n",
       "\n",
       "                                WHIMZEES_BONE_TREATS_ITEMS  \\\n",
       "YAKER_TREATS_ITEMS                                0.048209   \n",
       "SUPER_DUCK_TREATS_ITEMS                           0.033440   \n",
       "WHIMZEES_BONE_TREATS_ITEMS                        1.000000   \n",
       "CHICKEN_TREATS_ITEMS                              0.041251   \n",
       "DUCK_TREATS_ITEMS                                 0.037005   \n",
       "SALMON_TREATS_ITEMS                               0.034980   \n",
       "SUPER_LAMB_TREATS_ITEMS                           0.041556   \n",
       "SUPER_SALMON_TREATS_ITEMS                         0.039563   \n",
       "WHIMZEES_TREATS_ITEMS                             0.126095   \n",
       "COLD_PRESSED_DUCK_TREATS_ITEMS                    0.041445   \n",
       "PORK_TREATS_ITEMS                                 0.031816   \n",
       "LAMB_TREATS_ITEMS                                 0.031654   \n",
       "DENTAL_DAILIES_ITEMS                              0.058904   \n",
       "GOOD_DOG_TREATS_ITEMS                             0.039723   \n",
       "\n",
       "                                CHICKEN_TREATS_ITEMS  DUCK_TREATS_ITEMS  \\\n",
       "YAKER_TREATS_ITEMS                          0.086415           0.054723   \n",
       "SUPER_DUCK_TREATS_ITEMS                     0.045474           0.035504   \n",
       "WHIMZEES_BONE_TREATS_ITEMS                  0.041251           0.037005   \n",
       "CHICKEN_TREATS_ITEMS                        1.000000           0.151587   \n",
       "DUCK_TREATS_ITEMS                           0.151587           1.000000   \n",
       "SALMON_TREATS_ITEMS                         0.134249           0.141976   \n",
       "SUPER_LAMB_TREATS_ITEMS                     0.055006           0.041730   \n",
       "SUPER_SALMON_TREATS_ITEMS                   0.048412           0.036963   \n",
       "WHIMZEES_TREATS_ITEMS                       0.044740           0.036920   \n",
       "COLD_PRESSED_DUCK_TREATS_ITEMS              0.056891           0.043649   \n",
       "PORK_TREATS_ITEMS                           0.144393           0.125546   \n",
       "LAMB_TREATS_ITEMS                           0.162146           0.184342   \n",
       "DENTAL_DAILIES_ITEMS                        0.184481           0.389801   \n",
       "GOOD_DOG_TREATS_ITEMS                       0.158920           0.138324   \n",
       "\n",
       "                                SALMON_TREATS_ITEMS  SUPER_LAMB_TREATS_ITEMS  \\\n",
       "YAKER_TREATS_ITEMS                         0.053040                 0.062029   \n",
       "SUPER_DUCK_TREATS_ITEMS                    0.032255                 0.213903   \n",
       "WHIMZEES_BONE_TREATS_ITEMS                 0.034980                 0.041556   \n",
       "CHICKEN_TREATS_ITEMS                       0.134249                 0.055006   \n",
       "DUCK_TREATS_ITEMS                          0.141976                 0.041730   \n",
       "SALMON_TREATS_ITEMS                        1.000000                 0.034910   \n",
       "SUPER_LAMB_TREATS_ITEMS                    0.034910                 1.000000   \n",
       "SUPER_SALMON_TREATS_ITEMS                  0.048437                 0.182852   \n",
       "WHIMZEES_TREATS_ITEMS                      0.035810                 0.041483   \n",
       "COLD_PRESSED_DUCK_TREATS_ITEMS             0.041167                 0.182921   \n",
       "PORK_TREATS_ITEMS                          0.106532                 0.047248   \n",
       "LAMB_TREATS_ITEMS                          0.136270                 0.052545   \n",
       "DENTAL_DAILIES_ITEMS                       0.118583                 0.068085   \n",
       "GOOD_DOG_TREATS_ITEMS                      0.072899                 0.067507   \n",
       "\n",
       "                                SUPER_SALMON_TREATS_ITEMS  \\\n",
       "YAKER_TREATS_ITEMS                               0.061838   \n",
       "SUPER_DUCK_TREATS_ITEMS                          0.174991   \n",
       "WHIMZEES_BONE_TREATS_ITEMS                       0.039563   \n",
       "CHICKEN_TREATS_ITEMS                             0.048412   \n",
       "DUCK_TREATS_ITEMS                                0.036963   \n",
       "SALMON_TREATS_ITEMS                              0.048437   \n",
       "SUPER_LAMB_TREATS_ITEMS                          0.182852   \n",
       "SUPER_SALMON_TREATS_ITEMS                        1.000000   \n",
       "WHIMZEES_TREATS_ITEMS                            0.044187   \n",
       "COLD_PRESSED_DUCK_TREATS_ITEMS                   0.164341   \n",
       "PORK_TREATS_ITEMS                                0.040278   \n",
       "LAMB_TREATS_ITEMS                                0.035470   \n",
       "DENTAL_DAILIES_ITEMS                             0.065966   \n",
       "GOOD_DOG_TREATS_ITEMS                            0.058417   \n",
       "\n",
       "                                WHIMZEES_TREATS_ITEMS  \\\n",
       "YAKER_TREATS_ITEMS                           0.052944   \n",
       "SUPER_DUCK_TREATS_ITEMS                      0.038845   \n",
       "WHIMZEES_BONE_TREATS_ITEMS                   0.126095   \n",
       "CHICKEN_TREATS_ITEMS                         0.044740   \n",
       "DUCK_TREATS_ITEMS                            0.036920   \n",
       "SALMON_TREATS_ITEMS                          0.035810   \n",
       "SUPER_LAMB_TREATS_ITEMS                      0.041483   \n",
       "SUPER_SALMON_TREATS_ITEMS                    0.044187   \n",
       "WHIMZEES_TREATS_ITEMS                        1.000000   \n",
       "COLD_PRESSED_DUCK_TREATS_ITEMS               0.053099   \n",
       "PORK_TREATS_ITEMS                            0.035270   \n",
       "LAMB_TREATS_ITEMS                            0.035975   \n",
       "DENTAL_DAILIES_ITEMS                         0.046794   \n",
       "GOOD_DOG_TREATS_ITEMS                        0.037159   \n",
       "\n",
       "                                COLD_PRESSED_DUCK_TREATS_ITEMS  \\\n",
       "YAKER_TREATS_ITEMS                                    0.070007   \n",
       "SUPER_DUCK_TREATS_ITEMS                               0.122428   \n",
       "WHIMZEES_BONE_TREATS_ITEMS                            0.041445   \n",
       "CHICKEN_TREATS_ITEMS                                  0.056891   \n",
       "DUCK_TREATS_ITEMS                                     0.043649   \n",
       "SALMON_TREATS_ITEMS                                   0.041167   \n",
       "SUPER_LAMB_TREATS_ITEMS                               0.182921   \n",
       "SUPER_SALMON_TREATS_ITEMS                             0.164341   \n",
       "WHIMZEES_TREATS_ITEMS                                 0.053099   \n",
       "COLD_PRESSED_DUCK_TREATS_ITEMS                        1.000000   \n",
       "PORK_TREATS_ITEMS                                     0.045148   \n",
       "LAMB_TREATS_ITEMS                                     0.046079   \n",
       "DENTAL_DAILIES_ITEMS                                  0.069832   \n",
       "GOOD_DOG_TREATS_ITEMS                                 0.063205   \n",
       "\n",
       "                                PORK_TREATS_ITEMS  LAMB_TREATS_ITEMS  \\\n",
       "YAKER_TREATS_ITEMS                       0.053436           0.055080   \n",
       "SUPER_DUCK_TREATS_ITEMS                  0.040480           0.041099   \n",
       "WHIMZEES_BONE_TREATS_ITEMS               0.031816           0.031654   \n",
       "CHICKEN_TREATS_ITEMS                     0.144393           0.162146   \n",
       "DUCK_TREATS_ITEMS                        0.125546           0.184342   \n",
       "SALMON_TREATS_ITEMS                      0.106532           0.136270   \n",
       "SUPER_LAMB_TREATS_ITEMS                  0.047248           0.052545   \n",
       "SUPER_SALMON_TREATS_ITEMS                0.040278           0.035470   \n",
       "WHIMZEES_TREATS_ITEMS                    0.035270           0.035975   \n",
       "COLD_PRESSED_DUCK_TREATS_ITEMS           0.045148           0.046079   \n",
       "PORK_TREATS_ITEMS                        1.000000           0.153631   \n",
       "LAMB_TREATS_ITEMS                        0.153631           1.000000   \n",
       "DENTAL_DAILIES_ITEMS                     0.091041           0.210163   \n",
       "GOOD_DOG_TREATS_ITEMS                    0.077451           0.105580   \n",
       "\n",
       "                                DENTAL_DAILIES_ITEMS  GOOD_DOG_TREATS_ITEMS  \n",
       "YAKER_TREATS_ITEMS                          0.143099               0.142031  \n",
       "SUPER_DUCK_TREATS_ITEMS                     0.059535               0.053613  \n",
       "WHIMZEES_BONE_TREATS_ITEMS                  0.058904               0.039723  \n",
       "CHICKEN_TREATS_ITEMS                        0.184481               0.158920  \n",
       "DUCK_TREATS_ITEMS                           0.389801               0.138324  \n",
       "SALMON_TREATS_ITEMS                         0.118583               0.072899  \n",
       "SUPER_LAMB_TREATS_ITEMS                     0.068085               0.067507  \n",
       "SUPER_SALMON_TREATS_ITEMS                   0.065966               0.058417  \n",
       "WHIMZEES_TREATS_ITEMS                       0.046794               0.037159  \n",
       "COLD_PRESSED_DUCK_TREATS_ITEMS              0.069832               0.063205  \n",
       "PORK_TREATS_ITEMS                           0.091041               0.077451  \n",
       "LAMB_TREATS_ITEMS                           0.210163               0.105580  \n",
       "DENTAL_DAILIES_ITEMS                        1.000000               0.378707  \n",
       "GOOD_DOG_TREATS_ITEMS                       0.378707               1.000000  "
      ]
     },
     "execution_count": 56,
     "metadata": {},
     "output_type": "execute_result"
    }
   ],
   "source": [
    "# create a dataframe of the correlation matrix for the orders\n",
    "item_similarity_cos_df = pd.DataFrame(item_similarity_cos, index=ratings.columns,\n",
    "                                 columns=ratings.columns)\n",
    "item_similarity_cos_df"
   ]
  },
  {
   "cell_type": "code",
   "execution_count": 8,
   "id": "5142ded6",
   "metadata": {},
   "outputs": [],
   "source": [
    "# visualize the cosine matrix\n",
    "# labels = []\n",
    "# for item in item_similarity_cos_df:\n",
    "#     labels.append(item)\n",
    "\n",
    "# fig, ax = plt.subplots(figsize=(20,20))\n",
    "# cax = ax.matshow(item_similarity_cos, interpolation='nearest')\n",
    "# ax.grid(True)\n",
    "# plt.title('Item Similarity matrix - Cosine')\n",
    "# plt.xticks(range(14), labels, rotation=90);\n",
    "# plt.yticks(range(14), labels);\n",
    "# fig.colorbar(cax, ticks=[0.1, 0.2, 0.3, 0.4, 0.5, 0.6, 0.7, .75,.8,.85,.90,.95,1])\n",
    "# # plt.savefig('similarity_matrix.png',bbox_inches='tight', dpi=100)\n",
    "# # plt.show()"
   ]
  },
  {
   "cell_type": "code",
   "execution_count": 57,
   "id": "9476c305",
   "metadata": {},
   "outputs": [],
   "source": [
    "# creating a similarity score for one user using cosine\n",
    "def get_similar_prod_cos(item_name, customer_rating):\n",
    "    similar_prod = item_similarity_cos_df[item_name]*(customer_rating)\n",
    "    similar_prod = similar_prod.sort_values(ascending=False)\n",
    "    return similar_prod\n"
   ]
  },
  {
   "cell_type": "code",
   "execution_count": 9,
   "id": "b886b1c7",
   "metadata": {},
   "outputs": [
    {
     "data": {
      "text/html": [
       "<div>\n",
       "<style scoped>\n",
       "    .dataframe tbody tr th:only-of-type {\n",
       "        vertical-align: middle;\n",
       "    }\n",
       "\n",
       "    .dataframe tbody tr th {\n",
       "        vertical-align: top;\n",
       "    }\n",
       "\n",
       "    .dataframe thead th {\n",
       "        text-align: right;\n",
       "    }\n",
       "</style>\n",
       "<table border=\"1\" class=\"dataframe\">\n",
       "  <thead>\n",
       "    <tr style=\"text-align: right;\">\n",
       "      <th></th>\n",
       "      <th>YAKER_TREATS_ITEMS</th>\n",
       "      <th>SUPER_DUCK_TREATS_ITEMS</th>\n",
       "      <th>WHIMZEES_BONE_TREATS_ITEMS</th>\n",
       "      <th>CHICKEN_TREATS_ITEMS</th>\n",
       "      <th>DUCK_TREATS_ITEMS</th>\n",
       "      <th>SALMON_TREATS_ITEMS</th>\n",
       "      <th>SUPER_LAMB_TREATS_ITEMS</th>\n",
       "      <th>SUPER_SALMON_TREATS_ITEMS</th>\n",
       "      <th>WHIMZEES_TREATS_ITEMS</th>\n",
       "      <th>COLD_PRESSED_DUCK_TREATS_ITEMS</th>\n",
       "      <th>PORK_TREATS_ITEMS</th>\n",
       "      <th>LAMB_TREATS_ITEMS</th>\n",
       "      <th>DENTAL_DAILIES_ITEMS</th>\n",
       "      <th>GOOD_DOG_TREATS_ITEMS</th>\n",
       "    </tr>\n",
       "    <tr>\n",
       "      <th>CUSTOMER_ID</th>\n",
       "      <th></th>\n",
       "      <th></th>\n",
       "      <th></th>\n",
       "      <th></th>\n",
       "      <th></th>\n",
       "      <th></th>\n",
       "      <th></th>\n",
       "      <th></th>\n",
       "      <th></th>\n",
       "      <th></th>\n",
       "      <th></th>\n",
       "      <th></th>\n",
       "      <th></th>\n",
       "      <th></th>\n",
       "    </tr>\n",
       "  </thead>\n",
       "  <tbody>\n",
       "    <tr>\n",
       "      <th>4308866</th>\n",
       "      <td>0</td>\n",
       "      <td>0</td>\n",
       "      <td>0</td>\n",
       "      <td>0</td>\n",
       "      <td>0</td>\n",
       "      <td>3</td>\n",
       "      <td>0</td>\n",
       "      <td>0</td>\n",
       "      <td>0</td>\n",
       "      <td>0</td>\n",
       "      <td>0</td>\n",
       "      <td>0</td>\n",
       "      <td>3</td>\n",
       "      <td>0</td>\n",
       "    </tr>\n",
       "    <tr>\n",
       "      <th>3777603</th>\n",
       "      <td>1</td>\n",
       "      <td>0</td>\n",
       "      <td>0</td>\n",
       "      <td>0</td>\n",
       "      <td>1</td>\n",
       "      <td>0</td>\n",
       "      <td>0</td>\n",
       "      <td>0</td>\n",
       "      <td>0</td>\n",
       "      <td>0</td>\n",
       "      <td>0</td>\n",
       "      <td>0</td>\n",
       "      <td>4</td>\n",
       "      <td>2</td>\n",
       "    </tr>\n",
       "  </tbody>\n",
       "</table>\n",
       "</div>"
      ],
      "text/plain": [
       "             YAKER_TREATS_ITEMS  SUPER_DUCK_TREATS_ITEMS  \\\n",
       "CUSTOMER_ID                                                \n",
       "4308866                       0                        0   \n",
       "3777603                       1                        0   \n",
       "\n",
       "             WHIMZEES_BONE_TREATS_ITEMS  CHICKEN_TREATS_ITEMS  \\\n",
       "CUSTOMER_ID                                                     \n",
       "4308866                               0                     0   \n",
       "3777603                               0                     0   \n",
       "\n",
       "             DUCK_TREATS_ITEMS  SALMON_TREATS_ITEMS  SUPER_LAMB_TREATS_ITEMS  \\\n",
       "CUSTOMER_ID                                                                    \n",
       "4308866                      0                    3                        0   \n",
       "3777603                      1                    0                        0   \n",
       "\n",
       "             SUPER_SALMON_TREATS_ITEMS  WHIMZEES_TREATS_ITEMS  \\\n",
       "CUSTOMER_ID                                                     \n",
       "4308866                              0                      0   \n",
       "3777603                              0                      0   \n",
       "\n",
       "             COLD_PRESSED_DUCK_TREATS_ITEMS  PORK_TREATS_ITEMS  \\\n",
       "CUSTOMER_ID                                                      \n",
       "4308866                                   0                  0   \n",
       "3777603                                   0                  0   \n",
       "\n",
       "             LAMB_TREATS_ITEMS  DENTAL_DAILIES_ITEMS  GOOD_DOG_TREATS_ITEMS  \n",
       "CUSTOMER_ID                                                                  \n",
       "4308866                      0                     3                      0  \n",
       "3777603                      0                     4                      2  "
      ]
     },
     "execution_count": 9,
     "metadata": {},
     "output_type": "execute_result"
    }
   ],
   "source": [
    "train_data.head(n=2)"
   ]
  },
  {
   "cell_type": "code",
   "execution_count": 59,
   "id": "32fa57b4",
   "metadata": {},
   "outputs": [
    {
     "data": {
      "text/plain": [
       "DENTAL_DAILIES_ITEMS              5.766767\n",
       "GOOD_DOG_TREATS_ITEMS             5.047600\n",
       "CHICKEN_TREATS_ITEMS              3.435350\n",
       "DUCK_TREATS_ITEMS                 2.474050\n",
       "YAKER_TREATS_ITEMS                2.224359\n",
       "SALMON_TREATS_ITEMS               2.014566\n",
       "LAMB_TREATS_ITEMS                 1.673033\n",
       "PORK_TREATS_ITEMS                 1.045272\n",
       "COLD_PRESSED_DUCK_TREATS_ITEMS    0.693900\n",
       "SUPER_LAMB_TREATS_ITEMS           0.681808\n",
       "SUPER_SALMON_TREATS_ITEMS         0.646216\n",
       "SUPER_DUCK_TREATS_ITEMS           0.574558\n",
       "WHIMZEES_BONE_TREATS_ITEMS        0.520478\n",
       "WHIMZEES_TREATS_ITEMS             0.476884\n",
       "dtype: float64"
      ]
     },
     "execution_count": 59,
     "metadata": {},
     "output_type": "execute_result"
    }
   ],
   "source": [
    "# for customer x \n",
    "# customer = [('YAKER_TREATS_ITEMS',5),('SUPER_DUCK_TREATS_ITEMS',2)]\n",
    "# random_id = np.random.choice(train_data.shape[0])\n",
    "customer = ratings.filter(items=[3127],axis=0)\n",
    "similar_prod = pd.DataFrame()\n",
    "for prod,rating in customer.iteritems():\n",
    "    similar_prod = similar_prod.append(get_similar_prod_cos(prod,rating.values),\n",
    "                                       ignore_index=True)\n",
    "similar_prod.sum().sort_values(ascending=False)"
   ]
  },
  {
   "cell_type": "code",
   "execution_count": 112,
   "id": "d08a802b",
   "metadata": {},
   "outputs": [
    {
     "name": "stdout",
     "output_type": "stream",
     "text": [
      "The recommended items are: \n",
      " WHIMZEES_TREATS_ITEMS             0.476884\n",
      "WHIMZEES_BONE_TREATS_ITEMS        0.520478\n",
      "SUPER_DUCK_TREATS_ITEMS           0.574558\n",
      "SUPER_SALMON_TREATS_ITEMS         0.646216\n",
      "SUPER_LAMB_TREATS_ITEMS           0.681808\n",
      "COLD_PRESSED_DUCK_TREATS_ITEMS    0.693900\n",
      "PORK_TREATS_ITEMS                 1.045272\n",
      "LAMB_TREATS_ITEMS                 1.673033\n",
      "DUCK_TREATS_ITEMS                 2.474050\n",
      "dtype: float64\n"
     ]
    }
   ],
   "source": [
    "# for customer x \n",
    "# customer_std = orders_std.filter(items=[3127],axis=0)\n",
    "customer = ratings.filter(items=[3127],axis=0)\n",
    "similar_item = pd.DataFrame()\n",
    "for prod,rating in customer.iteritems():\n",
    "    similar_item = similar_item.append(get_similar_prod_cos(prod,rating.values),\n",
    "                                        ignore_index=True)\n",
    "item=[]    \n",
    "for i,v in customer.iteritems():\n",
    "    if v.values==0:\n",
    "        item.append(i)          \n",
    "    \n",
    "similar_item=similar_item[item]   \n",
    "print(\"The recommended items are: \\n\",format(similar_item.sum().sort_values(ascending=True)))"
   ]
  },
  {
   "cell_type": "markdown",
   "id": "b20c4332",
   "metadata": {},
   "source": [
    "### Evaluating the ratings based model using RMSE"
   ]
  },
  {
   "cell_type": "code",
   "execution_count": 93,
   "id": "85b352a5",
   "metadata": {},
   "outputs": [
    {
     "name": "stdout",
     "output_type": "stream",
     "text": [
      "Number of customers : 100282\tNumber of products : 14\n"
     ]
    }
   ],
   "source": [
    "n_users = ratings.shape[0]\n",
    "n_items = ratings.shape[1]\n",
    "print('Number of customers : {}\\tNumber of products : {}'.format(n_users, n_items))"
   ]
  },
  {
   "cell_type": "code",
   "execution_count": 95,
   "id": "d706f19b",
   "metadata": {},
   "outputs": [
    {
     "data": {
      "text/plain": [
       "(75211, 14)"
      ]
     },
     "execution_count": 95,
     "metadata": {},
     "output_type": "execute_result"
    }
   ],
   "source": [
    "train_data.shape"
   ]
  },
  {
   "cell_type": "code",
   "execution_count": 94,
   "id": "9535fc54",
   "metadata": {},
   "outputs": [],
   "source": [
    "# Create two user-item matrices, one for training and another for testing\n",
    "train_data_matrix = np.zeros((n_users, n_items))\n",
    "for line in train_data.itertuples():\n",
    "    train_data_matrix[line[1]-1, line[2]-1] = line[3]\n",
    "\n",
    "test_data_matrix = np.zeros((n_users, n_items))\n",
    "for line in test_data.itertuples():\n",
    "    test_data_matrix[line[1]-1, line[2]-1] = line[3]\n"
   ]
  },
  {
   "cell_type": "code",
   "execution_count": 97,
   "id": "852a6d79",
   "metadata": {},
   "outputs": [],
   "source": [
    "# Using cosine similarity\n",
    "item_similarity = pairwise_distances(train_data_matrix.T, metric='cosine')"
   ]
  },
  {
   "cell_type": "code",
   "execution_count": 98,
   "id": "16dc2d30",
   "metadata": {},
   "outputs": [],
   "source": [
    "prediction = train_data_matrix.dot(item_similarity) / np.array([np.abs(item_similarity).sum(axis=1)])\n"
   ]
  },
  {
   "cell_type": "code",
